11 -0.71 -0.71 -0.71 1.85 1.85 1.85 2.82 2.98 2.98 2.85 -5.02 -5.02 -5.02 -6.85 -6.85 -6.85 -6.34 -6.99 -8.12 -8.12 -4.86 -4.86 -4.86 -6.19 -6.19 -6.19 -5.68 -4.32 -2.43 -2.43 -0.1 -0.1 -0.1 -0.07 -0.07 -0.07 -0.04 -0.04 -0.04 -0.04 -0.07 -0.07 -0.07 -0.1 -0.1 -0.1 -0.13 -0.13 -0.13 -0.13 4.83 4.83 4.83 6.56 6.56 6.56 7.07 7.52 7.85 7.85 -3.79 -3.79 -3.79 -4.13 -4.13 -4.13 -3.6 -2.96 -2.3 -2.3 -0.94 -0.94 -0.94 -0.05 -0.05 -0.05 0.48 1.05 1.62 1.62
11 2.71 2.71 0.1 -1.08 -1.08 -1.08 -1.08 -1.78 -1.78 -2.05 -6.44 -6.44 -7.46 -8.01 -8.01 -8.01 -8.01 -6.44 -6.44 -6.51 -5.27 -5.27 0.73 1.54 1.54 1.54 1.54 3.54 3.54 4.04 -0.04 -0.04 0.0 0.0 0.0 0.0 0.0 0.04 0.04 0.04 -0.08 -0.08 -0.07 -0.07 -0.07 -0.07 -0.07 -0.07 -0.07 -0.07 7.75 7.75 8.12 8.12 8.12 8.12 7.89 7.58 7.18 7.18 0.12 0.12 0.39 0.39 0.39 0.39 0.24 0.06 -0.12 -0.12 1.02 1.02 1.84 1.84 1.84 1.84 1.8 1.73 1.64 1.64
11 1.35 0.73 2.35 2.35 2.35 2.35 3.03 2.84 2.84 0.13 -3.78 -4.15 -5.6 -5.6 -5.6 -5.6 -4.72 -5.86 -7.15 -6.41 -7.13 -8.0 -6.96 -6.96 -6.96 -6.96 -7.04 -5.74 -4.57 -3.8 -0.15 -0.13 -0.1 -0.1 -0.1 -0.1 -0.07 -0.07 -0.07 -0.03 -0.06 -0.04 -0.04 -0.04 -0.04 -0.04 -0.05 -0.05 -0.05 -0.06 4.6 5.48 6.42 6.88 6.88 6.88 7.32 7.32 7.76 8.55 0.45 0.06 -0.34 -0.58 -0.58 -0.58 -0.82 -0.82 -1.05 -1.01 -0.78 -1.1 -1.05 -0.87 -0.87 -0.87 -0.59 -0.59 -0.25 0.24
11 -0.76 -0.76 -0.55 -0.37 -0.37 -0.37 -0.37 0.02 -0.27 -0.27 -6.99 -6.99 -7.43 -7.44 -7.44 -7.44 -7.44 -3.71 -3.51 -3.51 1.15 1.15 2.18 3.19 3.19 3.19 3.19 5.1 4.59 4.59 0.01 0.01 0.01 0.01 0.01 0.01 0.01 0.04 0.06 0.06 -0.05 -0.05 -0.05 -0.05 -0.05 -0.05 -0.05 -0.07 -0.08 -0.08 7.75 7.75 7.58 7.32 7.32 7.32 7.32 6.11 5.65 5.65 -1.78 -1.78 -1.98 -2.22 -2.22 -2.22 -2.22 -2.01 -1.62 -1.62 -0.67 -0.67 -0.53 -0.33 -0.33 -0.33 -0.33 0.38 0.53 0.66
11 1.26 0.23 -1.73 -1.73 -1.73 -1.73 -1.34 -1.34 1.82 1.82 -1.43 -1.46 -1.37 -1.37 -1.37 -1.27 -1.4 -1.4 -1.53 -1.53 7.81 7.64 5.87 5.87 5.87 2.26 2.69 2.69 5.65 5.65 0.09 0.09 0.1 0.1 0.1 0.11 0.11 0.11 0.11 0.11 0.01 0.01 0.01 0.01 0.01 0.01 0.01 0.01 0.0 0.0 3.32 3.32 2.12 2.12 2.12 1.15 1.06 0.92 -0.25 -0.25 0.05 0.05 0.24 0.24 0.24 -0.01 -0.03 -0.02 -0.4 -0.42 0.11 0.11 0.12 0.12 0.12 -0.52 -0.64 -0.73 -0.55 -0.35
11 -1.97 1.06 1.06 -0.81 0.2 1.61 -0.39 0.27 0.03 1.49 -6.12 -3.01 -3.01 -0.86 0.62 -5.56 -6.98 0.43 -4.75 -2.98 4.1 5.74 5.74 4.24 2.53 11.85 -7.09 -9.83 4.52 6.21 0.02 0.06 0.06 0.09 0.09 0.1 -0.01 -0.08 0.05 0.08 0.01 0.02 0.02 0.02 0.01 0.02 0.01 0.0 0.01 0.01 7.54 5.29 5.29 2.84 0.82 -1.1 -8.37 -2.51 6.02 5.6 1.59 0.43 0.43 0.24 -0.55 0.4 -0.96 -0.53 -0.29 -0.34 0.74 -0.19 -0.19 -0.02 -0.41 1.05 0.11 0.3 -0.95 -0.84
11 -0.99 -0.99 -0.66 -0.67 -0.67 -1.19 -1.79 -0.41 0.41 0.77 -6.43 -6.43 -4.55 -2.12 -2.12 -0.81 -0.41 -0.25 -0.39 -1.21 6.92 6.92 7.99 4.92 4.92 3.58 4.71 3.73 -1.37 -1.75 0.04 0.04 0.07 0.09 0.09 0.1 0.1 0.1 0.1 0.1 0.01 0.01 0.01 0.01 0.01 0.01 0.01 0.01 0.0 0.0 7.09 6.43 6.43 2.94 2.94 2.16 1.44 -0.05 -0.39 -0.16 0.8 0.52 0.52 0.19 0.19 0.23 0.24 -0.49 -0.44 -0.27 0.19 0.07 0.07 0.08 0.08 0.02 -0.17 -0.66 -0.76 -0.52
11 12.04 -4.66 -4.66 -4.66 -4.66 -0.91 0.73 0.73 0.73 -1.03 -14.89 -14.59 -14.59 -14.59 -14.59 -7.0 -4.43 -4.43 -4.04 -0.92 -5.48 9.82 9.82 9.82 9.82 6.72 7.04 7.04 7.62 2.97 -0.12 -0.01 -0.01 -0.01 -0.01 0.03 0.05 0.05 0.05 0.07 -0.07 0.0 0.0 0.0 0.0 0.02 0.02 0.02 0.02 0.03 11.73 10.49 10.49 10.49 9.53 7.03 6.38 6.38 5.7 2.03 6.39 5.72 5.72 5.72 4.01 0.66 0.48 0.48 0.58 0.22 4.82 3.86 3.86 3.86 2.76 0.52 0.34 0.34 0.39 0.21
11 -3.5 -3.21 -2.2 -0.86 -1.41 -1.93 -1.93 -1.93 -1.39 0.35 -9.84 -7.28 -7.01 -4.7 -2.71 -2.02 -2.02 -2.02 -0.37 0.48 4.74 5.18 5.3 7.63 6.06 6.01 6.01 6.01 2.89 1.34 -0.02 0.02 0.02 0.04 0.06 0.07 0.07 0.07 0.08 0.08 -0.01 -0.01 -0.01 0.0 0.0 0.0 0.0 0.0 -0.01 -0.01 8.53 7.58 6.66 5.54 3.46 2.9 2.9 2.9 0.83 0.33 1.43 0.82 0.39 0.16 -0.04 -0.05 -0.05 -0.05 -0.26 -0.26 1.82 1.03 0.63 0.57 0.35 0.23 0.23 0.23 -0.57 -0.68
11 0.99 1.26 1.26 0.31 -0.16 -0.16 -2.1 -2.1 -2.1 -1.93 -4.0 -3.82 -3.82 -2.64 -2.79 -2.79 -1.86 -1.86 -1.86 -0.47 5.04 5.3 5.3 6.64 6.29 6.29 4.67 4.67 4.67 1.19 0.04 0.04 0.04 0.06 0.06 0.06 0.07 0.07 0.07 0.08 0.03 0.03 0.03 0.04 0.04 0.04 0.04 0.04 0.04 0.04 5.55 5.12 5.12 4.14 3.52 3.52 1.81 1.81 1.81 0.82 0.17 0.35 0.35 0.63 0.65 0.65 0.34 0.34 0.34 -0.13 0.06 0.22 0.39 0.49 0.55 0.55 0.31 0.31 0.31 -0.29
11 -0.05 0.85 0.85 0.85 0.85 0.83 -0.39 -0.39 -0.39 -0.81 -4.68 -3.09 -3.09 -3.09 -3.09 -2.98 -1.83 -1.83 -1.83 -0.54 5.65 4.82 4.82 4.82 4.82 5.78 6.03 6.03 6.03 1.34 0.04 0.06 0.06 0.06 0.06 0.06 0.07 0.07 0.07 0.08 0.0 0.0 0.0 0.0 0.0 0.0 0.01 0.01 0.01 0.01 5.89 4.77 4.43 4.43 4.43 4.01 2.33 2.33 1.73 0.49 -0.93 -0.4 -0.05 -0.05 -0.05 0.24 0.36 0.36 0.2 -0.16 -0.56 -0.19 0.0 0.0 0.0 0.16 0.28 0.28 0.22 -0.03
11 1.01 1.01 1.01 1.01 1.01 4.19 9.54 9.02 9.02 9.02 -3.85 -3.85 -3.85 -3.85 -3.85 -6.14 -10.54 -12.97 -12.97 -12.97 -15.76 -15.76 -15.76 -15.76 -14.83 -15.17 -9.78 -5.86 -5.86 -5.86 -0.19 -0.19 -0.19 -0.19 -0.19 -0.19 -0.15 -0.1 -0.1 -0.1 -0.07 -0.07 -0.07 -0.07 -0.07 -0.07 -0.07 -0.07 -0.07 -0.07 3.97 3.97 3.97 3.97 5.42 6.87 10.47 11.26 11.26 11.26 -2.97 -2.97 -2.97 -2.97 -1.82 -0.4 3.79 4.64 4.64 4.64 0.26 0.26 0.26 0.26 0.3 0.58 2.7 3.43 3.95 3.43
11 0.56 1.04 1.04 1.04 -0.72 -1.69 -1.69 -1.03 -0.93 -0.71 -2.94 -2.35 -2.35 -2.35 -1.85 -1.63 -1.63 -0.73 -0.41 -0.37 2.5 2.67 2.67 2.67 4.76 3.58 3.58 1.77 0.98 1.22 0.03 0.05 0.05 0.05 0.06 0.07 0.07 0.08 0.08 0.08 -0.01 -0.01 -0.01 -0.01 0.0 0.0 0.0 0.0 0.0 0.0 4.51 3.9 3.9 3.9 3.37 1.88 1.88 0.92 0.63 0.54 -0.51 0.11 0.11 0.11 0.54 0.24 0.24 -0.27 -0.25 -0.23 -0.19 0.39 0.39 0.39 0.64 0.28 0.28 -0.06 -0.17 -0.19
11 -0.53 -0.53 -0.53 -0.53 -0.93 -1.98 -1.98 -2.21 -2.21 -2.21 -2.4 -2.4 -2.4 -2.4 -2.64 -3.85 -3.85 -4.84 -4.84 -4.84 -7.09 -7.09 -7.09 -7.09 -5.54 -2.48 -2.48 -1.73 -1.73 -1.73 -0.1 -0.1 -0.1 -0.1 -0.1 -0.07 -0.04 -0.04 -0.04 -0.04 0.02 0.02 0.02 0.02 0.02 0.03 0.03 0.03 0.03 0.03 4.71 4.71 4.71 4.71 5.57 6.04 6.05 6.05 6.05 6.05 -0.09 -0.09 -0.09 -0.09 -0.08 -0.46 -0.61 -0.61 -0.61 -0.61 -0.99 -0.99 -0.99 -0.99 -0.94 -1.11 -1.23 -1.23 -1.23 -1.23
11 -0.05 -0.05 -0.94 -2.44 -2.38 -2.38 -2.38 -2.38 -1.76 -1.76 -5.69 -5.69 -5.47 -6.36 -6.61 -6.61 -6.61 -6.61 -5.07 -5.43 -2.9 -2.9 -2.08 1.47 1.98 1.98 1.98 1.98 2.57 2.96 -0.07 -0.07 -0.07 -0.04 -0.01 -0.01 -0.01 -0.01 -0.01 0.02 -0.02 -0.02 -0.02 -0.02 -0.01 -0.01 -0.01 -0.01 -0.01 -0.02 7.1 7.1 7.27 7.22 7.0 7.0 7.0 7.0 6.76 6.49 1.17 1.17 1.2 0.55 0.17 0.17 0.17 0.17 -0.15 -0.42 0.68 0.68 0.63 0.05 -0.21 -0.21 -0.21 -0.21 -0.42 -0.55
11 0.34 0.34 0.34 0.02 0.02 0.02 -0.49 -1.03 -1.03 -1.03 -2.51 -2.51 -2.51 -2.97 -2.97 -2.97 -3.26 -5.11 -5.11 -5.11 -7.25 -7.25 -7.25 -5.88 -5.88 -5.88 -3.46 -0.2 -0.2 -0.2 -0.09 -0.09 -0.09 -0.07 -0.07 -0.07 -0.04 -0.04 -0.04 -0.04 0.02 0.02 0.02 0.02 0.02 0.02 0.03 0.03 0.03 0.03 4.83 4.83 5.32 5.74 5.74 5.74 6.47 6.48 6.48 6.48 0.02 0.02 0.26 0.45 0.45 0.45 0.49 0.31 0.31 0.31 -0.99 -0.88 -0.88 -0.78 -0.78 -0.78 -0.74 -0.79 -0.79 -0.79
11 -0.65 -0.65 -0.65 -0.7 -0.54 -0.69 -0.69 -0.9 -0.9 -0.9 -1.62 -1.62 -1.62 -1.96 -2.39 -1.71 -1.71 -2.47 -2.47 -2.47 -7.22 -7.22 -7.22 -8.1 -8.04 -8.02 -8.02 -7.0 -7.0 -7.0 -0.11 -0.11 -0.11 -0.11 -0.09 -0.07 -0.09 -0.07 -0.07 -0.07 0.04 0.04 0.04 0.04 0.04 0.04 0.04 0.04 0.04 0.04 2.98 2.98 3.47 3.47 4.03 5.13 4.61 5.13 5.13 5.13 -0.67 -0.67 -0.57 -0.57 -0.45 -0.34 -0.36 -0.34 -0.34 -0.34 -0.38 -0.38 -0.38 -0.38 -0.4 -0.39 -0.41 -0.39 -0.39 -0.38
11 0.83 0.93 0.93 0.93 0.93 0.93 0.93 1.86 2.16 2.16 -1.86 -2.9 -2.9 -2.9 -2.9 -2.9 -2.9 -4.11 -3.67 -3.67 -7.53 -8.14 -8.14 -8.14 -8.14 -8.14 -8.14 -10.02 -10.02 -10.02 -0.16 -0.16 -0.16 -0.16 -0.16 -0.16 -0.16 -0.14 -0.12 -0.12 -0.04 -0.04 -0.04 -0.04 -0.04 -0.04 -0.04 -0.04 -0.03 -0.03 2.78 2.78 2.78 2.78 2.78 2.78 2.78 5.53 5.53 5.53 -2.04 -2.04 -2.04 -2.04 -2.04 -2.04 -2.04 -0.06 -0.06 -0.06 -0.86 -0.86 -0.86 -0.86 -0.86 -0.86 -0.86 -0.39 -0.39 -0.39
11 0.12 0.12 -0.06 -0.06 0.06 -0.48 -1.19 -1.19 -1.76 -1.64 -3.11 -3.11 -3.76 -3.76 -3.55 -4.27 -5.24 -5.24 -5.59 -4.45 -7.49 -7.49 -3.85 -2.75 -2.57 -1.81 -1.34 -1.34 0.39 1.89 -0.08 -0.08 -0.05 -0.05 -0.02 -0.02 -0.02 -0.02 0.01 0.01 -0.02 -0.02 -0.02 -0.02 -0.02 -0.02 -0.02 -0.02 -0.02 -0.02 5.11 5.11 6.29 6.29 6.5 6.58 6.58 6.58 6.76 6.75 -0.44 -0.44 0.08 0.08 -0.16 -0.26 -0.26 -0.26 0.0 0.11 -0.08 -0.08 0.06 0.06 0.19 0.2 0.2 0.2 -0.15 -0.23
11 1.74 1.74 2.11 1.85 1.85 1.85 0.37 -1.5 -2.01 -2.01 -3.89 -3.89 -4.7 -4.88 -4.88 -4.88 -4.95 -5.84 -4.2 -4.2 -7.16 -7.16 -6.4 -3.89 -3.89 -3.89 -0.68 3.32 3.32 3.32 -0.09 -0.09 -0.09 -0.06 -0.06 -0.06 -0.03 -0.03 0.0 0.0 -0.03 -0.03 -0.03 -0.02 -0.02 -0.02 -0.01 -0.01 -0.01 -0.01 5.95 5.95 6.44 7.26 7.26 7.26 7.45 6.74 6.74 6.74 0.28 0.28 0.65 1.18 1.18 1.18 1.11 0.46 0.46 0.46 -0.45 -0.45 -0.25 0.2 0.2 0.2 0.49 0.27 0.27 0.27
11 -0.12 0.17 0.17 -0.91 -0.91 -0.56 -0.35 -0.56 -0.56 0.06 -4.68 -4.07 -4.07 -5.57 -5.57 -5.58 -5.4 -5.4 -5.4 -1.73 -4.99 -2.66 -2.66 -1.07 -1.07 4.28 5.92 5.92 5.92 4.52 -0.08 -0.02 -0.02 0.01 0.01 0.04 0.04 0.04 0.04 0.07 -0.04 -0.02 -0.02 -0.02 -0.02 -0.02 -0.02 -0.02 -0.02 -0.03 6.23 6.33 6.33 6.77 6.77 6.57 6.14 6.14 6.14 2.24 0.93 0.73 0.73 0.22 0.22 0.02 -0.01 -0.01 -0.01 -0.19 -0.5 -0.44 -0.44 -0.48 -0.48 -0.51 -0.51 -0.51 -0.51 -0.36
11 0.03 -0.06 -0.06 -1.71 -1.73 -1.73 -0.11 -0.11 0.15 0.5 -4.38 -4.83 -4.83 -6.92 -5.69 -5.69 -3.53 -3.53 -2.25 -1.43 -4.03 -3.27 -3.27 0.9 1.92 1.92 5.38 5.38 7.75 5.15 -0.06 -0.06 -0.06 -0.03 0.0 0.0 0.05 0.05 0.07 0.07 -0.04 -0.04 -0.04 -0.04 -0.03 -0.03 -0.02 -0.02 -0.02 -0.02 6.73 6.94 6.94 7.19 7.19 7.19 5.17 5.17 2.98 1.6 1.21 1.19 1.19 0.85 0.85 0.85 0.18 0.18 0.51 0.21 0.74 0.72 0.72 -0.02 -0.02 -0.02 -0.28 -0.28 -0.34 -0.35
11 -0.85 -0.44 0.18 0.18 0.39 -0.15 -0.7 -0.42 -0.42 -0.75 -3.1 -3.25 -2.88 -2.88 -3.1 -5.12 -3.91 -4.38 -4.38 -4.82 -4.46 -4.57 -5.48 -5.48 -2.57 -0.09 1.92 2.79 2.79 1.65 -0.09 -0.09 -0.07 -0.07 -0.04 -0.04 -0.01 0.02 0.02 0.02 -0.05 -0.05 -0.04 -0.04 -0.03 -0.03 -0.01 -0.01 -0.01 -0.01 4.62 4.8 5.35 5.35 6.59 6.77 6.72 5.48 5.48 5.43 -0.23 -0.04 0.49 0.49 1.27 1.41 1.49 0.78 0.78 0.37 -0.38 -0.45 -0.46 -0.46 -0.25 -0.22 -0.27 -0.61 -0.61 -0.64
11 0.55 0.31 0.31 0.31 -0.41 -0.41 -0.41 -1.25 -1.03 -1.03 -2.74 -3.31 -3.31 -3.31 -4.73 -4.73 -4.73 -5.86 -4.85 -4.85 -5.0 -4.79 -4.79 -4.79 -0.65 -0.65 -0.65 2.18 2.91 2.91 -0.09 -0.09 -0.09 -0.09 -0.04 -0.04 -0.04 -0.01 0.02 0.02 -0.02 -0.02 -0.02 -0.02 -0.02 -0.02 -0.02 -0.02 -0.02 -0.02 5.49 5.49 5.49 5.49 6.62 6.62 6.62 6.44 6.3 6.3 -0.53 -0.53 -0.53 -0.53 0.07 0.07 0.07 0.06 0.12 0.12 -0.82 -0.82 -0.82 -0.82 -0.67 -0.67 -0.67 -0.66 -0.71 -0.71
11 -0.59 -0.32 0.55 0.98 0.51 0.02 -0.54 0.35 -1.09 0.24 -4.89 -5.12 -3.61 -2.12 -0.85 -0.76 -0.36 -0.54 -5.42 -2.15 3.61 3.11 5.47 9.24 0.56 -0.52 3.82 3.48 10.25 -5.31 0.03 0.03 0.06 0.08 0.08 0.08 0.09 0.08 0.03 -0.06 0.0 0.0 0.0 0.0 0.01 0.01 0.01 0.02 0.07 0.03 5.93 5.93 5.08 3.8 0.54 0.55 0.54 -1.46 -3.63 -4.79 -0.1 -0.1 0.3 0.38 -0.04 0.15 0.72 0.38 0.86 -0.63 -0.55 -0.55 -0.3 -0.19 0.15 0.25 0.31 0.3 0.74 0.62
12 -0.85 -0.85 -0.85 -1.35 -1.35 -1.35 -1.35 -1.31 -1.36 -1.36 -0.33 -0.33 -0.33 -0.38 -0.38 -0.38 -0.38 -0.32 -0.33 -0.33 -0.71 -0.71 -0.71 -1.12 -1.12 -1.12 -1.12 -0.9 -1.07 -1.07 -0.03 -0.03 -0.03 -0.03 -0.03 -0.03 -0.03 -0.03 -0.03 -0.03 0.0 0.0 0.0 0.0 0.0 0.0 0.0 0.0 0.0 0.0 -0.08 -0.08 -0.08 0.02 0.02 0.02 0.03 0.03 0.02 0.04 0.11 0.11 0.06 0.01 0.01 0.0 0.0 0.0 -0.02 0.0 0.24 0.24 0.21 0.13 0.13 0.09 0.09 0.09 0.06 0.04
12 -0.45 -0.58 -0.58 -0.58 -0.58 -0.86 -0.86 -1.04 -1.04 -1.04 -0.88 -0.85 -0.85 -0.85 -0.85 -0.34 -0.34 -0.47 -0.47 -0.47 -0.73 -0.73 -0.73 -0.73 -0.73 -0.76 -0.47 -0.76 -0.76 -0.76 -0.02 -0.02 -0.02 -0.02 -0.02 -0.02 -0.02 -0.02 -0.03 -0.03 0.0 0.0 0.0 0.0 0.0 0.0 0.0 0.01 0.01 0.01 0.04 0.04 0.04 0.04 0.04 -0.08 -0.08 -0.08 -0.08 -0.08 0.55 0.55 0.55 0.55 0.55 0.25 0.25 0.25 0.25 0.25 0.34 0.34 0.34 0.34 0.34 0.16 0.16 0.16 0.16 0.16
12 -1.15 -1.38 -1.44 -1.24 -1.24 -1.06 -1.06 -1.06 -1.06 -1.06 0.24 -0.19 -0.32 -0.45 -0.45 -0.61 -0.61 -0.61 -0.61 -0.61 -2.2 -1.49 -1.05 -0.73 -0.73 -0.64 -0.64 -0.64 -0.64 -0.64 -0.02 -0.02 -0.02 -0.02 -0.02 -0.02 -0.02 -0.02 -0.02 -0.02 0.0 0.0 0.0 0.0 0.0 0.0 0.0 0.0 0.0 0.0 0.17 0.39 0.4 0.41 0.41 0.41 0.41 0.41 0.41 0.41 0.46 0.68 0.73 0.73 0.73 0.73 0.73 0.73 0.73 0.73 0.53 0.46 0.42 0.39 0.39 0.39 0.39 0.39 0.39 0.39
12 -0.61 -0.61 -0.61 -0.61 -1.44 -1.44 -1.68 -1.68 -1.68 -1.68 -0.14 -0.14 -0.14 -0.14 0.19 0.19 0.18 0.18 0.18 0.18 -0.62 -0.62 -0.62 -0.62 0.19 0.19 -0.5 -0.5 -0.5 -0.5 -0.02 -0.02 -0.02 -0.02 -0.02 -0.02 -0.02 -0.02 -0.02 -0.02 0.0 0.0 0.0 0.0 0.0 0.0 0.0 0.0 0.0 0.0 0.17 0.17 0.17 0.17 -0.29 -0.29 -0.29 -0.29 -0.29 -0.29 0.62 0.62 0.62 0.62 0.05 0.05 0.05 0.05 0.05 0.05 0.29 0.29 0.29 0.29 -0.02 -0.02 -0.02 -0.02 -0.02 -0.02
12 -1.06 -1.09 -1.16 -1.09 -1.1 -1.16 -1.24 -1.24 -1.6 -1.61 -0.28 -0.22 -0.27 -0.22 -0.24 -0.27 -0.23 -0.23 -0.24 -0.26 -1.16 -1.02 -0.66 -0.83 -0.83 -0.66 -0.54 -0.54 -0.77 -0.65 -0.02 -0.02 -0.02 -0.02 -0.02 -0.02 -0.02 -0.02 -0.02 -0.02 -0.01 -0.01 -0.01 -0.01 -0.01 -0.01 -0.01 -0.01 -0.01 -0.01 0.16 0.19 0.12 0.19 0.19 0.16 0.12 0.12 0.04 0.04 -0.03 -0.04 -0.09 -0.06 -0.06 -0.07 -0.09 -0.09 -0.07 -0.03 0.21 0.14 -0.01 0.09 0.09 0.04 -0.01 -0.01 -0.12 -0.17
12 -1.22 -1.6 -1.6 -1.6 -1.44 -1.5 -1.56 -1.56 -1.56 -1.45 -0.49 -0.37 -0.37 -0.37 -0.33 -0.31 -0.26 -0.26 -0.26 -0.23 -1.76 -1.59 -1.59 -1.59 -0.64 -0.56 -0.74 -0.74 -0.74 -0.96 -0.03 -0.03 -0.03 -0.03 -0.03 -0.03 -0.03 -0.03 -0.03 -0.03 -0.02 -0.02 -0.02 -0.02 -0.02 -0.01 -0.01 -0.01 -0.01 -0.01 -0.01 0.05 0.05 0.09 0.08 0.04 0.0 0.0 0.0 0.0 0.42 0.39 0.39 0.38 0.31 0.23 0.18 0.18 0.18 0.18 0.56 0.48 0.48 0.36 0.26 0.19 0.13 0.13 0.09 0.09
12 0.56 0.56 0.56 0.56 0.04 -0.84 0.04 -1.04 -1.04 -1.04 -0.14 -0.14 -0.14 -0.42 -0.42 -0.74 -0.42 -0.41 -0.41 -0.41 -0.58 -0.58 -0.58 -2.07 -2.07 -2.99 -2.07 -2.87 -2.87 -2.87 -0.02 -0.02 -0.02 -0.02 -0.02 -0.02 -0.02 -0.02 -0.02 -0.02 -0.04 -0.04 -0.04 -0.04 -0.04 -0.04 -0.04 -0.04 -0.04 -0.04 -0.98 -0.98 -0.98 -0.97 -0.97 -0.79 -0.79 -0.09 -0.09 -0.09 -0.32 -0.32 -0.32 -0.32 -0.32 -0.23 -0.23 0.14 0.14 0.31 0.28 0.28 0.28 0.37 0.37 0.41 0.41 0.37 0.37 0.33
12 -1.1 -1.1 -1.1 -1.54 -1.54 -1.54 -1.47 -1.47 -1.46 -1.46 -0.2 -0.2 -0.2 -0.55 -0.35 -0.55 -0.35 -0.35 -0.16 -0.16 -0.51 -0.51 -0.51 -0.2 -0.49 -0.49 -0.49 -0.49 -0.83 -0.83 -0.02 -0.02 -0.02 -0.02 -0.02 -0.02 -0.02 -0.02 -0.02 -0.02 -0.02 -0.02 -0.02 -0.02 -0.02 -0.02 -0.02 -0.02 -0.02 -0.02 0.01 0.01 0.01 -0.14 -0.14 -0.14 -0.14 -0.18 -0.18 -0.18 0.01 0.01 0.01 -0.04 -0.04 -0.04 -0.04 -0.04 -0.04 -0.04 0.67 0.67 0.67 0.36 0.36 0.36 0.36 0.25 0.25 0.25
12 -0.91 -0.91 -0.44 -0.44 -0.44 -0.44 -0.44 -0.44 -0.44 -0.17 -0.26 -0.26 -0.71 -0.71 -0.71 -0.71 -0.71 -0.71 -0.71 -0.68 -1.82 -2.0 0.2 0.2 0.2 0.2 0.2 0.2 0.2 -0.36 -0.01 -0.01 -0.01 -0.01 -0.01 -0.01 -0.01 -0.01 -0.01 -0.01 -0.01 -0.01 -0.01 -0.01 -0.01 -0.01 -0.01 -0.01 -0.01 -0.01 -0.06 0.09 0.26 0.26 0.26 0.26 0.26 0.26 0.26 0.08 0.0 -0.02 -0.11 -0.11 -0.11 -0.11 -0.11 -0.11 -0.11 -0.03 0.16 0.12 -0.01 -0.01 -0.01 -0.01 -0.01 -0.01 -0.01 0.06
12 -0.61 -1.85 -1.85 -1.85 -1.85 -1.12 -0.96 -0.96 -0.96 -0.72 0.15 -0.48 -0.48 -0.48 -0.48 -0.11 -0.35 -0.35 -0.35 -0.35 -2.53 -2.98 -2.98 -2.98 -2.98 -1.97 -0.23 -0.23 -0.23 -0.12 -0.02 -0.02 -0.02 -0.02 -0.02 -0.02 -0.02 -0.02 -0.02 -0.02 0.0 0.0 0.0 0.0 0.0 0.0 0.0 0.0 0.0 0.01 0.11 0.31 0.31 0.31 0.5 0.5 0.56 0.56 0.56 0.47 0.53 0.69 0.69 0.69 0.79 0.79 0.66 0.66 0.66 0.47 0.59 0.57 0.57 0.57 0.57 0.57 0.5 0.5 0.5 0.4
12 -0.36 -0.35 -0.35 -0.35 -0.57 -0.92 -0.92 -1.22 -1.22 -1.15 -0.59 -0.72 -0.72 -0.72 -0.66 -0.33 -0.33 -0.18 -0.18 0.02 -0.01 0.01 0.01 0.01 -0.08 0.07 0.07 0.31 0.31 0.48 -0.01 -0.01 -0.01 -0.01 -0.01 -0.01 -0.01 -0.01 -0.01 -0.01 -0.01 -0.01 -0.01 -0.01 -0.01 -0.01 -0.01 -0.01 -0.01 -0.01 0.12 0.12 0.12 0.12 0.1 0.07 0.07 0.07 0.07 0.02 0.15 0.15 0.15 0.15 0.09 0.16 0.16 0.16 0.16 0.2 0.24 0.24 0.24 0.24 0.24 0.24 0.24 0.24 0.21 0.21
21 0.96 0.96 3.03 4.66 6.31 6.31 6.74 6.74 1.11 1.11 -3.92 -3.92 -5.07 -5.73 -7.78 -7.78 -9.6 -9.6 -11.44 -11.44 -19.15 -19.15 -20.5 -21.97 -19.05 -19.05 -13.86 -13.86 -4.68 -4.68 -0.14 -0.14 -0.14 -0.14 -0.1 -0.1 -0.1 -0.1 -0.06 -0.06 -0.01 -0.01 -0.01 -0.01 -0.01 -0.01 -0.01 -0.01 0.0 0.0 3.27 4.73 4.73 6.43 8.09 8.09 9.42 10.28 10.7 10.7 -4.67 -3.57 -3.57 -2.09 -0.33 1.32 1.32 2.42 2.87 2.87 -1.82 -1.45 -0.88 -0.88 -0.15 0.66 0.66 1.41 1.8 1.8
21 3.77 3.77 3.77 3.77 -1.61 -2.6 -3.1 -3.1 2.11 2.11 -15.01 -15.01 -15.01 -15.01 -15.8 -17.17 -14.48 -14.48 -11.14 -11.14 -6.27 -6.27 -6.27 -6.27 -6.84 -4.89 -2.43 -2.43 5.69 5.69 -0.13 -0.13 -0.13 -0.13 -0.08 -0.08 -0.03 -0.03 -0.03 -0.03 -0.05 -0.05 -0.05 -0.05 -0.01 -0.01 0.01 0.01 0.01 0.01 11.22 11.22 11.22 11.22 10.85 10.79 10.64 10.64 9.35 9.35 5.18 5.18 5.18 5.18 4.77 3.98 2.7 2.7 -0.42 -0.42 -0.97 -0.97 -1.04 -1.04 -1.54 -2.22 -2.87 -2.87 -3.4 -3.4
21 -2.45 -3.58 -3.58 -3.58 -3.58 -3.45 -1.94 -1.94 -1.94 0.07 -11.59 -9.92 -9.92 -9.92 -9.92 -11.93 -12.41 -12.41 -12.41 -12.23 -4.97 -4.97 -4.97 -4.97 -4.97 -2.49 3.12 3.12 3.12 5.89 -0.1 -0.06 -0.1 -0.06 -0.06 -0.06 -0.02 -0.02 -0.02 -0.02 -0.03 0.0 -0.03 0.0 0.0 0.0 0.02 0.02 0.02 0.02 9.53 9.53 9.53 9.53 9.53 9.42 9.18 9.18 9.18 8.65 3.28 3.28 3.28 3.28 3.28 2.63 1.71 1.71 1.71 1.24 -1.44 -1.44 -1.44 -1.44 -1.44 -2.51 -2.83 -2.83 -2.83 -2.9
21 -2.64 -2.64 -1.22 1.74 2.5 2.5 2.5 2.5 -1.92 -1.92 -11.98 -11.98 -10.91 -7.92 -6.74 -6.74 -6.74 -6.74 -14.5 -14.5 6.15 6.15 8.21 7.58 7.88 7.88 7.88 7.88 10.07 10.07 -0.05 -0.02 -0.02 0.01 0.03 0.03 0.03 0.03 0.04 0.04 0.0 0.01 0.01 0.02 0.03 0.03 0.03 0.03 0.01 0.01 8.95 8.95 7.25 5.26 5.26 5.26 5.26 5.26 -0.29 -0.29 2.54 2.54 0.84 0.81 0.81 0.81 0.81 0.81 0.31 0.31 -2.06 -2.06 -2.79 -2.67 -2.67 -2.67 -2.67 -2.67 -3.03 -3.03
21 -0.28 -1.7 -1.7 -2.44 -2.44 -3.81 -3.66 -3.66 -3.66 -3.66 -6.96 -6.27 -6.27 -7.22 -7.22 -7.8 -8.32 -8.32 -8.32 -8.32 -7.03 -6.17 -6.17 -4.55 -4.55 0.15 1.52 1.52 1.52 1.52 -0.1 -0.07 -0.07 -0.07 -0.07 -0.04 -0.04 -0.04 -0.04 -0.04 0.01 0.03 0.03 0.03 0.03 0.04 0.04 0.04 0.04 0.04 6.5 6.77 6.92 6.92 6.98 6.74 6.48 6.48 6.48 6.48 1.62 1.52 1.27 1.27 0.95 0.08 -0.43 -0.43 -0.43 -0.85 -2.02 -2.03 -2.13 -2.13 -2.33 -3.11 -3.11 -3.11 -3.11 -3.33
21 0.56 2.1 2.1 2.1 3.68 3.68 6.51 5.74 4.21 4.84 -9.8 -10.22 -10.22 -10.22 -9.27 -9.27 -10.95 -14.33 -14.57 -13.99 0.78 3.03 3.03 3.03 5.09 5.09 7.71 9.95 10.27 10.27 -0.02 -0.02 -0.02 -0.02 -0.02 -0.02 0.03 0.03 0.05 0.05 0.02 0.02 0.02 0.02 0.02 0.01 0.02 0.02 0.03 0.03 7.12 6.98 6.98 6.73 6.73 6.73 5.87 4.4 3.04 4.4 -1.02 -1.02 -1.02 -0.88 -0.88 -0.88 1.22 2.3 2.29 2.3 -4.2 -4.13 -4.13 -3.91 -3.91 -3.91 -1.96 -1.24 -1.13 -1.13
21 1.58 2.65 2.65 2.47 2.47 3.56 1.39 -1.81 -1.81 -1.81 -8.66 -6.58 -6.82 -6.52 -6.52 -9.37 -13.24 -17.02 -17.02 -17.02 4.65 4.65 5.46 5.56 5.56 7.21 10.82 10.28 10.28 10.28 -0.01 -0.01 0.02 0.02 0.04 0.04 0.07 0.04 0.04 0.04 0.04 0.04 0.03 0.03 0.03 0.03 0.05 0.05 0.05 0.05 6.67 6.67 6.25 5.5 5.5 5.06 -0.42 -5.79 -5.79 -5.79 -1.4 -1.4 -1.14 -0.13 -0.13 0.66 2.35 -0.07 -0.07 -0.07 -3.12 -3.12 -2.72 -1.99 -1.99 -1.31 -0.05 -0.63 -0.63 -0.63
21 -3.73 -2.46 -2.46 1.06 3.07 3.07 3.07 8.51 8.51 8.32 -8.65 -7.75 -7.75 -7.27 -7.89 -7.89 -7.89 -9.18 -9.18 -11.57 -3.32 -3.48 -3.48 -3.45 -3.16 -3.16 -3.16 0.61 0.61 9.04 -0.05 -0.02 -0.02 0.0 0.0 0.0 0.0 0.03 0.03 0.03 0.01 0.01 0.01 0.01 0.01 0.01 0.01 0.01 0.01 0.01 5.49 5.49 5.49 5.8 5.8 5.8 5.8 6.66 6.66 6.8 -0.82 -0.82 -0.82 -0.72 -0.72 -0.72 -0.72 0.6 0.6 1.73 -5.23 -5.23 -5.23 -5.08 -5.08 -5.08 -5.08 -3.25 -3.25 -1.6
21 -0.58 4.91 7.64 10.38 10.38 4.21 4.21 4.21 0.58 0.58 -11.53 -9.25 -9.1 -7.41 -7.41 -13.28 -13.28 -13.28 -15.36 -15.36 -0.18 6.0 8.46 8.85 8.85 11.02 11.02 11.02 10.76 10.76 -0.01 0.02 0.02 0.05 0.05 0.07 0.07 0.07 0.06 0.06 0.04 0.04 0.04 0.05 0.05 0.08 0.08 0.08 0.09 0.09 7.59 7.25 6.77 5.53 5.53 3.54 3.54 3.54 -6.93 -6.93 -1.02 -0.6 -0.19 0.57 0.57 4.13 4.13 4.13 -1.59 -1.59 -4.97 -4.48 -3.89 -2.17 -2.17 0.86 0.86 0.86 -0.5 -0.5
21 0.8 -3.95 -3.95 -3.95 -7.68 -6.62 -6.62 -6.62 -6.62 -6.62 -2.88 -3.47 -3.47 -3.47 -9.15 -10.54 -10.54 -10.54 -10.54 -10.54 -12.78 -11.28 -11.28 -11.28 -5.72 -3.65 -3.65 -3.65 -3.65 -1.42 -0.1 -0.07 -0.07 -0.07 -0.04 -0.04 -0.04 -0.04 -0.04 -0.04 -0.01 0.0 0.0 0.0 0.02 0.02 0.02 0.02 0.02 0.02 5.91 6.51 6.51 7.06 7.81 7.99 7.99 7.99 7.99 8.06 1.86 2.09 2.09 1.98 1.15 0.69 0.69 0.69 0.69 0.21 -0.1 -0.18 -0.18 -0.64 -2.17 -2.9 -2.9 -2.9 -2.9 -3.49
21 -1.87 -0.88 -0.88 -0.88 -0.8 -0.22 0.12 -0.09 0.12 -0.09 -7.68 -8.32 -8.32 -8.32 -7.24 -6.56 -6.82 -6.97 -6.82 -6.97 -8.6 -7.34 -7.34 -7.34 -7.39 -3.17 -2.3 -1.37 -2.3 -1.37 -0.13 -0.13 -0.13 -0.13 -0.1 -0.1 -0.06 -0.06 -0.06 -0.06 0.0 0.0 0.0 0.0 0.03 0.03 0.05 0.05 0.05 0.05 6.45 6.45 6.84 6.84 7.1 7.12 6.98 6.82 6.82 6.82 0.7 0.7 1.03 1.03 1.32 1.48 1.37 1.21 1.21 1.21 -2.79 -2.79 -2.76 -2.76 -2.69 -2.57 -2.45 -2.33 -2.33 -2.33
21 -1.4 -1.51 -1.51 -0.71 -2.58 -2.34 -2.34 -2.34 -2.34 -2.34 -8.16 -8.61 -8.61 -10.45 -10.37 -10.79 -10.79 -10.79 -10.79 -10.79 -11.78 -10.38 -10.38 -7.84 -1.85 0.39 0.39 0.39 0.39 0.39 -0.15 -0.15 -0.11 -0.11 -0.07 -0.07 -0.07 -0.07 -0.07 -0.07 -0.01 -0.01 0.02 0.02 0.04 0.04 0.04 0.04 0.04 0.04 7.6 8.24 8.24 8.58 8.64 8.3 8.3 8.3 8.3 8.3 2.23 2.57 2.6 2.6 0.89 0.14 0.14 0.14 0.14 0.14 -1.95 -2.14 -2.25 -2.25 -2.72 -2.88 -2.88 -2.88 -2.88 -2.88
21 -4.23 -4.23 -3.78 -3.78 -2.59 -2.44 -2.44 -2.44 -1.65 -1.6 -5.05 -5.05 -7.49 -7.49 -7.1 -7.62 -7.62 -7.62 -7.05 -7.05 -8.08 -8.08 -4.56 -4.56 -3.57 -2.27 -2.27 -2.27 0.66 0.66 -0.11 -0.11 -0.08 -0.08 -0.05 -0.05 -0.05 -0.05 -0.02 -0.02 0.0 0.0 0.01 0.01 0.0 0.0 0.0 0.0 -0.01 -0.01 5.51 5.51 6.37 6.37 6.58 6.66 6.66 6.66 6.55 6.55 0.3 0.3 -0.94 -0.94 -1.67 -1.88 -1.88 -1.88 -1.49 -1.49 -1.35 -1.35 -2.52 -2.52 -2.7 -2.71 -2.71 -2.71 -2.53 -2.53
21 -1.03 -1.03 0.26 1.21 0.26 1.21 1.21 6.96 7.09 6.96 -8.78 -8.78 -7.24 -7.24 -7.13 -7.24 -7.24 -10.74 -10.11 -10.74 -0.17 -0.17 3.73 3.73 3.29 3.73 3.73 10.04 9.44 10.04 -0.05 -0.05 -0.03 -0.03 -0.03 -0.03 -0.03 0.02 0.02 0.02 -0.01 -0.01 -0.01 -0.01 -0.01 -0.01 -0.01 0.0 -0.01 -0.01 7.24 7.24 5.63 5.63 5.63 5.63 5.63 4.87 5.22 4.87 0.27 0.27 -1.1 -1.1 -1.1 -1.1 -1.1 1.59 1.36 1.59 -3.11 -3.11 -3.31 -3.31 -3.31 -3.31 -3.31 -0.2 -0.83 -0.2
21 -1.35 -1.35 -1.79 -1.79 -1.79 -1.79 0.94 0.94 5.18 5.18 -7.94 -7.94 -7.53 -7.53 -7.53 -7.53 -6.35 -6.35 -5.55 -5.55 -1.28 -1.28 2.12 2.12 2.12 2.12 6.57 6.57 3.3 3.3 -0.06 -0.06 -0.03 -0.03 -0.03 -0.03 -0.01 -0.01 -0.01 0.0 0.0 0.0 0.0 0.0 0.0 0.0 0.0 0.0 0.0 0.01 6.6 6.6 6.21 6.21 6.21 6.21 4.64 4.64 3.4 3.4 0.56 0.56 -0.12 -0.12 -0.12 -0.12 -0.76 -0.76 0.1 0.1 -2.92 -2.92 -3.11 -3.11 -3.11 -3.11 -3.54 -3.54 -2.95 -2.95
21 -3.08 -4.3 -4.3 -4.81 -3.48 -3.48 -2.55 -2.55 -1.64 -0.32 -3.91 -5.92 -5.92 -5.94 -6.95 -6.95 -7.69 -7.69 -7.06 -7.4 -9.73 -8.29 -8.29 -7.32 -2.11 -2.11 -0.89 -0.89 0.04 1.18 -0.09 -0.09 -0.09 -0.06 -0.03 -0.03 -0.03 -0.03 0.0 0.0 0.0 0.0 0.0 0.01 0.03 0.03 0.03 0.03 0.03 0.03 5.61 5.95 5.95 5.95 6.3 6.3 6.17 6.17 5.98 5.7 1.54 1.15 1.15 1.15 0.32 0.32 0.23 0.23 0.07 -0.16 -2.27 -2.63 -2.63 -2.63 -3.55 -3.55 -3.76 -3.76 -3.91 -4.01
21 -3.04 -2.24 -0.62 2.21 3.34 4.4 4.4 4.4 5.12 6.01 -7.5 -6.18 -6.03 -4.05 -3.69 -3.36 -3.36 -3.36 -2.46 -5.21 1.32 1.32 2.69 4.79 4.52 2.77 2.77 2.77 0.48 -2.45 -0.04 -0.02 -0.02 -0.02 0.0 0.0 0.0 0.0 0.0 0.01 -0.01 -0.01 -0.01 -0.02 -0.02 -0.02 -0.02 -0.02 -0.02 -0.03 5.8 5.8 5.39 4.3 3.76 3.34 3.34 3.34 3.24 4.78 0.65 0.65 0.01 -1.22 -1.61 -1.71 -1.71 -1.71 -1.47 1.48 -3.14 -3.14 -3.4 -3.43 -3.23 -2.88 -2.88 -2.88 -2.42 -0.4
21 -3.04 -3.04 0.89 0.89 0.89 0.89 0.62 -0.5 -1.37 -0.54 -5.04 -5.04 -8.82 -8.82 -8.82 -8.82 -9.1 -7.74 -8.43 -8.57 -13.49 -13.49 -4.21 -4.21 -4.21 -4.21 -3.35 -3.66 -2.31 6.52 -0.11 -0.11 -0.07 -0.07 -0.07 -0.07 -0.07 -0.04 -0.04 -0.02 -0.03 -0.03 -0.01 -0.01 -0.01 -0.01 -0.01 0.0 0.0 0.01 5.98 6.82 7.78 7.78 7.78 7.78 7.72 7.72 7.72 6.45 0.9 1.08 1.32 1.32 1.32 1.32 1.1 0.85 0.85 0.9 -2.25 -2.44 -2.32 -2.32 -2.32 -2.32 -2.22 -2.19 -2.19 -3.07
21 -1.04 0.31 -2.46 -0.95 0.33 1.68 2.33 -3.04 -3.04 -3.04 -5.31 -7.45 -13.96 -11.11 -10.72 -9.52 -0.37 -5.04 -5.04 -5.04 -16.46 -15.93 0.72 7.97 10.28 -8.53 -14.09 -13.49 -13.49 -13.49 -0.14 -0.14 -0.05 -0.01 0.05 -0.1 -0.16 -0.11 -0.11 -0.11 -0.01 -0.01 0.0 0.01 0.04 0.04 0.02 -0.03 -0.03 -0.03 6.96 6.96 10.2 7.98 -2.74 -9.29 -0.34 5.98 5.98 5.98 -0.79 -0.79 0.89 0.37 2.01 -1.61 0.14 0.9 0.9 0.9 -0.16 -0.16 -0.23 -1.05 0.39 -0.23 0.38 -2.25 -2.25 -2.25
21 0.57 0.57 1.49 0.45 0.45 0.06 0.5 0.5 4.2 5.59 -7.28 -7.28 -7.75 -8.23 -8.23 -7.06 -7.27 -7.27 -5.13 -4.34 -6.1 -6.1 -4.48 -1.16 -1.16 1.38 2.18 2.18 5.26 5.1 -0.1 -0.08 -0.08 -0.05 -0.05 -0.03 -0.03 -0.03 0.0 0.0 -0.1 -0.08 -0.08 -0.07 -0.07 -0.06 -0.06 -0.06 -0.06 -0.06 6.34 6.34 6.76 6.76 6.76 6.44 6.12 6.12 5.15 4.71 1.42 1.42 1.14 0.27 0.27 -0.36 -0.49 -0.49 -0.21 -0.07 -2.56 -2.56 -2.52 -2.56 -2.56 -2.73 -2.83 -2.83 -2.62 -2.26
22 0.93 1.08 1.08 1.08 1.08 1.08 1.08 3.51 3.09 3.51 -1.22 -1.14 -1.14 -1.14 -1.14 -1.14 -1.14 -0.7 -0.85 -0.7 0.85 0.21 0.21 0.21 0.21 0.21 0.21 -0.15 -0.18 -0.15 -0.01 -0.01 -0.01 -0.01 -0.01 -0.01 -0.01 -0.01 -0.01 -0.01 0.0 0.0 0.0 0.0 0.0 0.0 0.0 0.0 0.0 -0.01 -0.21 -0.21 -0.21 -0.21 -0.21 -0.21 -0.21 -0.02 -0.02 -0.02 -0.42 -0.42 -0.42 -0.42 -0.42 -0.42 -0.42 -0.11 -0.11 -0.11 -0.64 -0.64 -0.64 -0.64 -0.64 -0.64 -0.64 -0.32 -0.32 -0.32
22 4.27 4.96 4.96 4.96 4.96 4.96 4.96 5.31 6.8 6.8 -0.47 -0.43 -0.43 -0.43 -0.43 -0.43 -0.43 -0.42 -0.68 -0.68 -0.62 -0.54 -0.54 -0.54 -0.54 -0.54 -0.54 -0.33 -0.19 -0.19 -0.01 -0.01 -0.01 -0.01 -0.01 -0.01 -0.01 -0.01 -0.01 -0.01 -0.02 -0.01 -0.01 -0.01 -0.01 -0.01 -0.01 -0.01 -0.01 -0.01 0.03 0.03 0.03 0.03 0.03 0.03 0.03 0.02 -0.09 -0.09 0.28 0.26 0.26 0.26 0.26 0.26 0.26 0.2 0.19 0.19 -0.08 0.02 0.02 0.02 0.02 0.02 0.02 0.12 0.43 0.43
22 5.55 5.52 5.61 5.61 6.38 6.9 6.9 6.9 6.33 6.06 -0.67 -0.84 -0.93 -0.93 -1.13 -1.24 -1.24 -1.24 -1.98 -1.92 2.61 1.09 0.58 0.58 0.89 1.91 1.91 1.91 2.29 1.34 -0.01 -0.01 -0.01 -0.01 -0.01 -0.01 -0.01 -0.01 -0.01 -0.01 -0.03 -0.03 -0.03 -0.03 -0.03 -0.03 -0.02 -0.02 -0.02 -0.02 0.02 -0.03 0.06 0.13 0.13 0.14 0.14 0.14 -0.46 -0.61 0.34 0.41 0.57 0.6 0.6 0.58 0.58 0.58 0.38 0.38 0.6 0.73 0.91 1.0 1.0 1.12 1.12 1.12 1.71 1.71
22 0.99 1.53 1.53 1.52 1.52 1.52 1.34 1.8 1.63 1.8 -0.54 -0.16 -0.16 -0.12 -0.12 -0.12 -0.16 -0.34 -0.44 -0.34 -1.27 -1.97 -1.97 -2.01 -2.01 -2.01 -1.68 0.4 -0.12 0.4 -0.02 -0.02 -0.02 -0.02 -0.02 -0.02 -0.02 -0.02 -0.02 -0.02 -0.04 -0.04 -0.04 -0.04 -0.04 -0.04 -0.04 -0.04 -0.04 -0.04 -0.24 -0.06 -0.06 0.09 0.09 0.24 0.5 0.5 0.5 0.5 -1.19 -0.94 -0.94 -0.71 -0.71 -0.47 -0.11 -0.11 -0.11 -0.11 -1.2 -0.84 -0.84 -0.67 -0.67 -0.51 -0.33 -0.24 -0.24 -0.24
22 2.04 2.04 2.04 2.15 2.31 2.31 2.67 2.67 3.84 5.26 -0.14 -0.14 -0.14 -0.13 -0.18 -0.2 -0.2 -0.2 -0.34 -0.72 -1.08 -1.08 -1.08 -1.16 -1.04 -0.86 -0.86 -0.86 -0.65 -0.2 -0.02 -0.02 -0.02 -0.02 -0.02 -0.02 -0.02 -0.02 -0.02 -0.02 -0.04 -0.04 -0.04 -0.04 -0.04 -0.04 -0.04 -0.04 -0.04 -0.04 -0.02 -0.02 -0.02 0.04 0.22 0.22 0.22 0.29 0.35 0.52 -0.31 -0.31 -0.31 -0.2 -0.06 -0.06 -0.06 -0.03 0.01 0.25 -0.38 -0.38 -0.38 -0.34 -0.33 -0.33 -0.33 -0.3 -0.13 0.14
22 3.4 3.4 3.06 3.4 4.66 5.76 5.76 5.76 6.75 8.37 -1.59 -1.59 -1.37 -1.59 -1.55 -1.55 -1.55 -1.55 -1.64 -1.59 1.96 1.96 1.61 1.96 1.68 1.68 1.68 1.68 0.73 -1.21 -0.02 -0.02 -0.02 -0.02 -0.03 -0.03 -0.03 -0.03 -0.03 -0.03 -0.04 -0.04 -0.04 -0.04 -0.04 -0.04 -0.04 -0.04 -0.04 -0.04 0.23 0.23 0.23 0.23 -0.26 -0.26 -0.26 -0.26 -0.36 -0.23 -0.02 -0.02 -0.02 -0.02 -0.2 -0.2 -0.2 -0.2 -0.16 0.21 -0.34 -0.34 -0.34 -0.34 -0.37 -0.37 -0.37 -0.37 -0.24 0.33
22 2.62 2.62 3.84 3.84 4.43 4.43 4.43 4.43 5.35 5.58 -0.49 -0.49 -0.7 -0.7 -0.9 -0.9 -0.9 -0.9 -0.99 -1.02 -1.76 -1.76 1.07 1.07 1.86 1.86 1.86 1.86 1.45 0.4 -0.03 -0.03 -0.03 -0.03 -0.03 -0.03 -0.03 -0.03 -0.03 -0.03 -0.04 -0.04 -0.04 -0.04 -0.04 -0.04 -0.04 -0.04 -0.04 -0.04 0.39 0.39 0.43 0.43 0.43 0.43 0.43 0.43 0.07 -0.02 0.05 0.05 0.18 0.18 0.18 0.18 0.18 0.18 0.13 0.26 -0.06 -0.06 -0.01 -0.01 -0.01 -0.01 -0.01 -0.01 0.17 0.43
22 3.12 3.12 3.51 5.61 5.61 5.61 6.6 6.6 7.82 8.2 -0.85 -0.85 -0.78 -0.77 -0.77 -0.55 -0.55 -0.55 -0.59 -1.14 0.07 1.05 1.05 0.79 0.79 0.1 0.1 0.1 -1.84 -1.26 -0.02 -0.02 -0.02 -0.02 -0.02 -0.02 -0.03 -0.03 -0.03 -0.03 -0.05 -0.05 -0.05 -0.05 -0.05 -0.05 -0.06 -0.06 -0.06 -0.06 0.07 0.07 0.07 -0.41 -0.46 -0.46 -0.46 -0.46 -0.25 0.26 -0.3 -0.3 -0.3 -0.5 -0.5 -0.5 -0.5 -0.5 -0.19 0.4 -0.29 -0.29 -0.29 -0.06 -0.06 -0.06 -0.06 -0.06 0.45 1.12
22 3.87 3.87 3.87 3.87 3.98 5.96 6.13 5.95 5.95 5.95 -0.77 -0.77 -0.77 -0.77 -1.17 -1.45 -2.04 -2.43 -2.43 -2.43 0.2 0.2 0.2 0.2 -0.71 -0.25 0.76 1.42 1.42 1.42 -0.02 -0.02 -0.02 -0.02 -0.02 -0.02 -0.02 -0.02 -0.02 -0.02 -0.07 -0.07 -0.07 -0.07 -0.07 -0.07 -0.06 -0.06 -0.06 -0.06 -0.2 -0.2 -0.2 -0.2 0.12 0.27 0.5 0.5 0.5 0.5 -0.51 -0.51 -0.51 -0.51 0.17 0.46 0.94 0.94 0.94 0.94 0.02 0.02 0.02 0.02 0.19 0.37 1.02 1.02 1.02 1.02
22 7.9 8.17 8.35 8.33 8.33 8.06 8.06 5.85 5.85 4.51 -1.63 -2.87 -3.03 -3.37 -3.37 -4.04 -4.04 -4.86 -4.86 -5.19 2.26 -0.5 -1.0 -0.79 -0.79 -1.19 -1.19 0.95 0.95 1.45 -0.01 -0.02 -0.02 -0.02 -0.02 -0.02 -0.02 -0.01 -0.01 -0.01 -0.01 0.0 0.0 0.0 0.0 0.0 0.0 0.01 0.01 0.01 0.05 -0.53 -0.43 -0.31 -0.31 0.12 0.12 0.41 0.41 -0.05 0.54 0.27 0.43 0.67 0.67 0.94 0.94 1.05 1.05 0.46 0.54 1.23 1.47 1.75 1.75 2.77 2.77 3.44 3.44 3.59
22 8.37 8.73 8.73 8.73 9.35 9.53 9.53 9.36 8.97 8.97 -3.19 -3.38 -3.38 -3.38 -3.84 -4.02 -4.02 -4.17 -4.0 -4.08 2.99 3.14 3.14 3.14 1.63 0.71 0.71 -0.77 -0.94 -0.81 -0.01 -0.01 -0.01 -0.01 -0.01 -0.01 -0.01 -0.01 -0.01 -0.01 -0.04 -0.04 -0.04 -0.04 -0.04 -0.04 -0.04 -0.04 -0.04 -0.04 0.05 -0.21 -0.21 -0.21 -0.65 -0.71 -0.71 -0.55 -0.36 -0.17 0.31 0.21 0.21 0.21 0.06 0.13 0.13 0.49 0.72 0.91 0.95 1.13 1.13 1.13 1.63 1.94 1.94 2.68 3.06 3.4
22 2.59 3.08 3.55 3.08 3.55 3.55 4.05 4.05 4.71 6.03 -0.74 -0.79 -0.85 -0.79 -0.85 -0.85 -1.06 -1.06 -1.24 -1.27 0.34 0.41 0.09 0.41 0.09 0.09 -0.38 -0.38 -0.86 0.01 -0.01 -0.01 -0.01 -0.01 -0.01 -0.01 -0.01 -0.01 -0.01 -0.01 -0.03 -0.03 -0.03 -0.03 -0.03 -0.03 -0.03 -0.03 -0.03 -0.03 0.39 0.26 0.16 0.16 0.16 0.1 0.1 0.1 0.1 0.29 0.02 0.01 0.01 0.01 0.01 0.03 0.03 0.03 0.04 0.14 -0.98 -0.93 -0.86 -0.86 -0.86 -0.77 -0.77 -0.66 -0.66 -0.03
22 7.45 7.97 7.97 8.37 9.06 9.06 9.06 9.21 8.35 7.35 -2.7 -3.65 -3.65 -3.92 -4.43 -4.43 -4.43 -5.13 -5.87 -6.44 0.59 -0.95 -0.95 -0.84 -0.32 -0.32 -0.32 2.57 2.92 2.01 -0.01 -0.01 -0.01 -0.01 0.0 0.0 0.0 0.0 0.0 0.0 -0.03 -0.03 -0.03 -0.03 -0.02 -0.02 -0.02 -0.02 -0.02 -0.02 -0.12 -0.09 0.03 0.17 0.3 0.3 0.3 0.26 0.04 -0.21 0.26 0.28 0.43 0.58 0.67 0.67 0.67 0.56 0.48 0.48 1.21 1.65 1.87 2.12 2.4 2.4 2.4 3.31 3.96 3.96
22 7.54 7.34 7.43 7.43 7.41 7.41 6.84 6.46 5.94 2.68 -3.86 -3.7 -3.56 -3.56 -4.22 -4.22 -4.85 -5.19 -5.46 -5.22 0.16 0.33 0.62 0.62 0.32 0.32 -1.7 -2.36 -2.22 -1.53 0.0 0.0 0.0 0.0 -0.01 -0.01 -0.01 -0.01 -0.01 0.0 -0.04 -0.04 -0.04 -0.04 -0.04 -0.04 -0.04 -0.03 -0.03 -0.03 -0.38 -0.39 -0.43 -0.43 -0.57 -0.57 -0.6 -0.43 -0.18 0.3 0.45 0.4 0.32 0.32 0.25 0.25 0.47 0.67 0.84 0.75 2.08 2.24 2.41 2.41 3.1 3.1 3.68 4.01 4.34 4.89
22 6.44 7.56 7.25 6.93 6.93 6.41 6.86 6.86 7.36 8.3 -0.24 -0.29 -1.71 -1.83 -1.83 -1.9 -2.46 -2.46 -2.78 -3.35 0.53 0.53 0.15 0.96 0.96 1.63 1.28 1.28 1.07 0.93 -0.01 -0.01 -0.01 0.0 0.0 0.0 -0.01 -0.01 -0.01 -0.01 -0.06 -0.06 -0.05 -0.05 -0.05 -0.05 -0.05 -0.05 -0.05 -0.05 0.07 0.07 0.18 0.11 0.11 0.11 -0.39 -0.39 -0.46 -0.52 0.03 0.03 0.6 0.56 0.56 0.56 0.18 0.18 0.12 0.12 0.31 0.31 1.48 1.59 1.59 1.6 1.61 1.61 1.67 1.83
22 6.39 8.1 8.1 8.62 8.89 8.71 8.37 8.37 6.41 6.02 -1.08 -1.25 -1.25 -1.58 -2.03 -2.19 -2.54 -2.54 -3.09 -3.09 -0.11 0.01 0.01 0.14 0.21 1.66 1.66 1.66 3.2 2.63 0.0 0.0 0.0 0.0 0.0 0.0 0.0 0.0 0.0 0.0 -0.04 -0.04 -0.04 -0.04 -0.04 -0.03 -0.03 -0.03 -0.03 -0.03 0.04 0.25 0.25 0.32 0.46 0.46 0.46 0.46 -0.23 -0.23 0.05 0.29 0.29 0.45 0.72 0.82 0.82 0.82 0.4 0.4 0.48 0.86 0.86 1.16 1.81 2.11 2.11 2.11 2.64 2.64
22 8.82 9.12 9.12 8.96 8.96 8.75 8.75 5.82 5.82 5.82 -2.63 -2.67 -2.67 -4.24 -4.24 -4.24 -4.24 -5.4 -5.4 -5.4 2.06 1.42 1.42 0.75 0.75 0.75 0.75 4.69 4.69 4.69 -0.01 -0.01 -0.01 0.0 0.0 0.0 0.0 0.01 0.01 0.01 -0.1 -0.09 -0.09 -0.08 -0.08 -0.08 -0.08 -0.06 -0.06 -0.06 0.19 0.11 0.11 0.62 0.62 0.62 0.71 0.01 -0.34 -0.34 0.6 0.73 0.94 1.6 1.6 1.6 1.63 1.02 0.82 0.82 0.74 1.06 1.42 2.49 2.49 2.49 2.77 3.29 3.42 3.42
31 12.61 13.39 8.03 -3.43 -3.43 -11.27 -11.27 -11.44 -13.04 -3.65 -18.84 -21.72 -27.24 -25.83 -20.51 -9.58 -9.58 -8.18 -5.83 -1.72 5.28 4.97 4.57 8.35 7.87 2.75 2.75 5.02 7.07 5.49 -0.25 -0.25 -0.22 -0.17 -0.17 -0.02 -0.02 -0.02 0.02 0.04 0.02 0.02 -0.1 -0.22 -0.22 -0.26 -0.26 -0.26 -0.23 -0.24 2.99 3.15 3.78 4.92 4.83 4.41 4.41 4.15 4.15 0.63 4.07 5.46 7.45 8.3 7.59 3.67 3.67 3.18 3.18 -1.22 13.03 13.03 15.03 15.81 14.95 8.03 8.03 6.83 6.83 -0.11
31 15.11 13.56 12.49 7.48 9.88 9.88 -5.33 -7.29 -12.81 -12.81 -5.82 -12.52 -15.41 -23.75 -22.54 -22.54 -16.7 -16.01 -5.23 -5.23 -1.1 4.37 5.3 2.4 2.68 2.68 3.18 3.96 9.28 9.28 -0.24 -0.22 -0.22 -0.18 -0.18 -0.18 -0.12 -0.05 -0.01 -0.01 0.12 -0.03 -0.03 -0.13 -0.13 -0.13 -0.19 -0.19 -0.17 -0.17 2.62 3.66 3.88 5.12 4.57 4.57 6.48 6.61 5.0 5.0 2.28 5.72 6.51 7.72 7.47 7.47 7.28 6.72 2.5 2.5 5.7 10.95 12.03 14.11 13.61 13.61 12.52 11.55 5.05 5.05
31 -1.12 1.94 17.65 8.44 12.98 15.06 17.17 17.17 17.06 14.3 -3.82 -19.19 -9.48 -2.17 -1.86 -2.5 -6.79 -6.79 -9.59 -12.74 7.56 10.5 -6.86 -5.89 -5.85 -5.45 1.35 1.35 3.76 5.33 0.04 0.01 -0.23 -0.25 -0.25 -0.24 -0.24 -0.24 -0.24 -0.24 -0.1 -0.12 0.04 0.18 0.18 0.15 0.08 0.08 0.08 0.08 4.05 -10.93 -4.98 -0.56 1.27 1.27 2.76 2.76 2.88 2.91 1.7 -6.54 -3.57 -1.39 -0.63 -0.63 0.83 0.83 1.77 3.03 2.41 -12.3 -10.47 -1.32 1.48 1.48 6.45 6.45 8.26 9.92
31 14.19 13.59 14.71 9.54 9.54 10.83 5.45 5.45 5.45 -11.07 -3.76 -5.37 -7.71 -18.78 -18.78 -19.06 -18.95 -18.95 -18.95 -7.47 -5.88 -4.21 -3.15 1.93 1.93 -0.4 -0.84 -0.84 -0.84 7.48 -0.26 -0.26 -0.24 -0.21 -0.21 -0.21 -0.09 -0.09 -0.09 0.02 0.1 0.1 0.03 -0.07 -0.07 -0.07 -0.17 -0.17 -0.17 -0.13 2.35 3.07 4.3 6.64 6.64 6.64 8.16 8.16 8.16 6.6 0.4 1.1 3.06 7.34 7.34 7.34 7.4 7.4 7.4 4.01 4.59 5.9 8.46 12.18 12.18 12.18 12.57 12.57 12.57 6.58
31 4.42 5.27 5.27 5.27 5.26 5.26 -0.38 -0.38 -2.32 -4.62 -7.83 -9.3 -9.3 -9.3 -11.28 -11.28 -12.92 -12.92 -10.84 -10.52 -0.35 -0.65 -0.65 -0.65 -1.99 -1.99 1.64 1.64 2.14 5.27 -0.21 -0.19 -0.19 -0.19 -0.15 -0.15 -0.1 -0.1 -0.04 -0.04 -0.05 -0.1 -0.1 -0.1 -0.15 -0.15 -0.18 -0.18 -0.17 -0.17 3.26 4.08 4.08 4.08 5.44 5.44 6.69 6.69 6.83 6.52 3.08 4.02 4.02 4.31 5.01 5.01 5.5 5.5 5.2 4.36 7.26 8.09 8.09 8.39 9.06 9.06 9.18 9.18 8.85 7.8
31 7.81 6.03 5.12 -2.23 -5.48 -8.3 -8.3 -9.26 -9.26 -9.01 -15.62 -16.64 -14.93 -16.63 -13.63 -13.34 -13.34 -8.36 -8.36 -4.9 -0.53 0.43 0.19 5.0 4.46 4.0 4.0 4.79 4.79 6.32 -0.18 -0.18 -0.18 -0.12 -0.05 -0.05 -0.05 0.0 0.0 0.0 -0.14 -0.14 -0.14 -0.2 -0.2 -0.2 -0.2 -0.17 -0.17 -0.17 5.31 6.13 6.13 6.45 6.45 6.29 6.29 6.1 6.1 5.37 4.91 5.5 5.5 5.82 5.82 5.49 5.49 4.0 4.0 2.72 11.14 11.72 11.72 11.06 11.06 10.28 10.28 7.1 6.11 5.14
31 -6.46 -8.32 -8.32 -8.32 -9.31 -9.31 -9.31 -2.54 -2.54 -2.54 -16.14 -15.55 -15.55 -15.55 -3.9 -3.9 -3.9 -2.18 -2.18 -2.18 6.99 7.29 7.29 7.29 5.59 5.59 5.59 7.32 7.32 7.32 -0.09 -0.09 -0.09 -0.09 0.04 0.04 0.04 0.05 0.05 0.05 -0.2 -0.2 -0.2 -0.2 -0.14 -0.14 -0.14 -0.13 -0.13 -0.13 6.6 6.6 6.6 6.6 4.81 4.81 4.81 2.08 2.08 2.08 5.54 5.54 5.54 5.54 2.29 2.29 2.29 0.18 0.18 0.18 10.25 10.25 10.25 10.25 3.86 3.86 3.86 0.7 0.7 0.7
31 7.26 3.37 3.37 -6.46 -8.32 -8.32 -8.32 -9.31 -9.31 -9.31 -18.7 -18.02 -18.02 -16.14 -15.55 -15.55 -15.55 -3.9 -3.9 -3.9 0.57 1.96 1.96 6.99 7.29 7.29 7.29 5.59 5.59 5.59 -0.2 -0.14 -0.14 -0.09 -0.09 -0.09 -0.09 0.04 0.04 0.04 -0.11 -0.18 -0.18 -0.2 -0.2 -0.2 -0.2 -0.14 -0.14 -0.14 5.69 6.66 6.95 6.6 6.6 6.6 6.6 4.81 4.81 4.81 6.13 6.42 6.44 5.54 5.54 5.54 5.54 2.29 2.29 2.29 11.94 12.35 12.18 10.25 10.25 10.25 10.25 3.86 3.86 3.86
31 3.84 -5.97 -11.17 8.52 7.26 7.26 3.37 3.37 -6.46 -8.32 -1.35 -4.27 -9.81 -17.45 -18.7 -18.7 -18.02 -18.02 -16.14 -15.55 0.23 10.12 10.43 0.04 0.57 0.57 1.96 1.96 6.99 7.29 -0.26 0.03 0.05 -0.15 -0.2 -0.2 -0.14 -0.14 -0.09 -0.09 0.09 -0.11 -0.06 -0.11 -0.11 -0.11 -0.18 -0.18 -0.2 -0.2 -0.15 4.48 -2.41 -8.66 5.69 5.69 6.66 6.95 6.6 6.6 -0.14 2.64 0.52 -6.13 6.13 6.13 6.42 6.44 5.54 5.54 0.43 2.87 -1.02 -10.59 11.94 11.94 12.35 12.18 10.25 10.25
31 0.59 0.59 -0.93 -0.93 -0.48 -0.48 0.02 3.24 5.35 10.83 1.33 1.33 0.27 0.27 -0.94 -0.94 -1.36 -2.39 -2.72 -3.02 -0.63 -0.63 1.24 1.24 1.97 1.97 1.76 0.58 -0.67 -5.43 -0.26 -0.26 -0.26 -0.26 -0.26 -0.26 -0.26 -0.26 -0.27 -0.27 0.1 0.1 0.1 0.11 0.11 0.11 0.11 0.11 0.13 0.13 0.09 0.09 -0.01 -0.01 -0.47 -0.74 -0.74 -1.4 -1.4 -0.67 0.09 0.09 -0.07 -0.25 -0.46 -0.69 -0.69 -1.55 -1.55 -1.75 -0.38 -0.38 -0.5 -0.7 -1.2 -1.2 -1.2 -1.48 -1.48 0.13
31 3.72 3.72 7.76 7.77 8.26 9.43 7.26 0.34 -1.89 -8.33 -1.32 -1.32 -3.34 -3.83 -6.61 -7.32 -11.67 -14.62 -14.49 -2.43 -1.74 -1.74 -4.04 -3.54 -1.33 -1.22 -0.78 4.09 5.96 9.16 -0.27 -0.27 -0.27 -0.27 -0.26 -0.24 -0.16 -0.09 -0.09 0.04 0.12 0.12 0.07 0.07 0.02 -0.05 -0.19 -0.22 -0.22 -0.13 -0.84 -0.84 0.74 1.21 2.54 2.92 5.1 6.87 6.87 2.79 -0.6 -0.6 0.63 1.03 2.35 2.81 6.39 6.72 6.72 1.88 0.91 0.91 3.45 4.1 6.2 6.93 10.26 10.48 10.48 2.17
31 4.92 6.27 7.46 9.88 9.88 9.88 10.5 10.5 11.14 11.14 -1.76 -1.95 -1.98 -2.92 -2.92 -2.92 -3.71 -3.71 -6.45 -6.45 -5.7 -6.45 -6.68 -6.41 -6.41 -6.41 -5.89 -5.89 -4.93 -4.93 -0.31 -0.31 -0.3 -0.3 -0.3 -0.3 -0.3 -0.3 -0.3 -0.28 0.15 0.15 0.14 0.13 0.13 0.13 0.13 0.13 0.13 0.08 -1.15 -0.61 0.71 1.4 1.4 2.09 2.09 2.78 3.44 3.44 -1.45 -1.07 -0.27 0.15 0.15 0.6 0.6 1.09 1.62 1.62 -0.4 0.04 1.26 2.05 2.05 2.96 2.96 3.94 4.91 4.91
31 4.61 4.61 4.61 5.22 6.34 6.34 7.01 6.94 7.67 7.67 -1.29 -1.29 -1.29 -1.79 -1.93 -1.93 -2.78 -3.32 -4.48 -4.48 -0.48 -0.48 -0.48 -1.52 -4.04 -4.04 -5.51 -5.51 -5.71 -5.71 -0.28 -0.28 -0.28 -0.28 -0.29 -0.29 -0.28 -0.28 -0.28 -0.28 0.16 0.16 0.16 0.16 0.16 0.16 0.14 0.14 0.14 0.14 -1.24 -1.24 -1.24 -1.26 -0.9 -0.52 0.44 0.44 0.98 0.98 -0.97 -0.97 -0.97 -1.13 -1.16 -1.02 -0.39 -0.39 0.0 0.0 -0.08 -0.08 -0.08 0.25 1.14 1.66 2.83 2.83 3.46 3.46
31 -0.49 -0.49 -0.49 -0.17 -0.17 -0.17 -0.17 0.42 1.06 1.06 0.15 0.15 0.15 -0.08 -0.08 -0.08 -0.08 -0.27 -0.67 -0.67 0.53 0.53 0.53 1.15 1.15 1.15 1.15 1.88 1.9 1.9 -0.29 -0.29 -0.29 -0.29 -0.29 -0.29 -0.29 -0.29 -0.29 -0.29 0.15 0.15 0.15 0.15 0.15 0.15 0.15 0.16 0.16 0.16 0.18 0.06 0.18 0.06 0.06 0.06 0.06 -0.54 -0.54 -0.54 -0.08 -0.2 -0.08 -0.2 -0.2 -0.2 -0.2 -0.51 -0.51 -0.51 -0.57 -0.64 -0.64 -0.64 -0.64 -0.64 -0.71 -0.82 -0.82 -0.82
31 6.8 6.8 6.1 6.4 5.03 5.03 5.03 3.82 2.94 2.94 -5.51 -5.51 -6.04 -7.06 -7.39 -7.39 -7.39 -7.56 -7.64 -7.64 -1.25 -1.25 -0.6 -1.23 -0.64 -0.64 -0.64 0.12 2.17 2.17 -0.28 -0.28 -0.28 -0.26 -0.26 -0.26 -0.26 -0.26 -0.25 -0.25 0.05 0.05 0.05 0.0 0.0 0.0 0.0 0.0 -0.04 -0.04 2.63 2.85 2.85 3.06 3.31 3.31 3.31 3.57 3.99 3.99 1.95 2.07 2.24 2.24 2.47 2.47 2.47 2.74 3.28 3.28 4.31 4.74 5.14 5.14 5.46 5.46 5.46 5.71 5.97 5.97
31 3.24 3.24 3.24 5.44 8.27 9.05 9.05 9.05 9.05 9.05 -1.09 -1.09 -1.09 -1.34 -1.68 -2.06 -2.06 -2.06 -2.06 -2.06 -0.79 -0.79 -0.79 -4.06 -6.61 -7.13 -7.13 -7.13 -7.13 -7.13 -0.3 -0.3 -0.3 -0.3 -0.3 -0.3 -0.3 -0.3 -0.3 -0.3 0.11 0.11 0.11 0.11 0.09 0.09 0.09 0.09 0.09 0.09 -0.88 -0.88 -0.88 -0.38 0.14 0.78 0.78 0.78 0.78 0.78 -0.51 -0.51 -0.51 -0.75 -0.47 0.02 0.02 0.02 0.02 0.02 0.16 0.16 0.16 0.9 1.39 2.03 2.03 2.03 2.03 2.03
31 3.96 3.96 3.96 4.79 6.66 6.66 6.66 8.45 8.45 8.45 -1.6 -1.6 -1.6 -1.43 -1.36 -1.36 -1.36 -4.51 -4.51 -4.51 2.03 2.03 2.03 1.05 -4.2 -4.2 -4.2 -3.51 -3.51 -3.51 -0.29 -0.29 -0.29 -0.29 -0.29 -0.29 -0.29 -0.29 -0.28 -0.28 0.18 0.18 0.18 0.18 0.18 0.18 0.18 0.15 0.11 0.11 -0.69 -0.69 -0.69 -0.92 -0.72 -0.72 -0.72 1.57 1.57 1.57 -0.47 -0.47 -0.47 -0.97 -0.88 -0.88 -0.88 1.1 1.1 1.1 -0.13 -0.13 -0.13 0.37 1.21 1.21 1.21 3.66 3.66 3.66
31 12.0 9.85 9.85 9.85 9.85 9.85 7.81 6.22 6.22 4.76 -4.76 -7.76 -7.76 -7.76 -7.76 -7.76 -8.67 -9.73 -9.73 -9.89 -2.23 -2.49 -2.49 -2.49 -2.49 -2.49 -2.36 -2.19 -2.19 -1.94 -0.3 -0.28 -0.28 -0.28 -0.28 -0.28 -0.28 -0.27 -0.27 -0.27 0.16 0.1 0.1 0.1 0.1 0.1 0.1 0.03 0.03 0.03 1.26 1.88 1.88 1.88 1.88 2.23 2.23 2.98 3.38 3.38 -0.15 0.12 0.12 0.12 0.12 0.42 0.42 1.46 2.23 2.23 3.72 5.47 5.47 5.47 5.47 6.19 6.19 7.28 7.66 7.66
31 5.17 6.37 6.37 6.37 5.78 5.98 5.78 5.98 1.55 -1.52 -8.09 -8.19 -8.19 -8.19 -9.82 -11.53 -9.82 -11.53 -13.69 -13.49 0.0 -0.98 -0.98 -0.98 -3.24 -2.22 -3.24 -2.22 3.72 5.4 -0.26 -0.24 -0.24 -0.24 -0.24 -0.21 -0.21 -0.21 -0.1 -0.1 0.05 -0.02 -0.02 -0.02 -0.02 -0.09 -0.09 -0.09 -0.17 -0.17 3.54 3.82 3.82 3.82 5.16 5.76 5.76 5.76 7.71 7.62 2.61 2.87 2.87 2.87 4.3 4.78 4.78 4.78 5.76 5.63 6.81 7.18 7.18 7.18 8.09 8.33 8.33 8.33 9.01 9.01
31 9.34 7.91 7.91 7.23 7.23 7.64 7.64 7.39 6.95 6.95 -7.96 -9.61 -9.61 -10.35 -10.35 -12.11 -12.11 -13.76 -15.73 -15.73 -2.66 -2.14 -2.14 -1.41 -1.41 -1.26 -1.26 -0.87 -0.38 -0.38 -0.27 -0.27 -0.25 -0.25 -0.25 -0.25 -0.22 -0.22 -0.22 -0.22 0.05 0.05 -0.03 -0.03 -0.03 -0.03 -0.08 -0.08 -0.08 -0.08 2.42 4.0 4.0 4.56 4.56 5.76 5.76 6.41 7.13 7.13 1.95 3.71 4.3 4.3 4.3 5.44 5.44 6.51 6.51 6.51 5.85 7.63 8.1 8.1 8.1 9.01 9.01 9.88 9.88 9.88
31 10.98 15.11 14.95 14.09 14.09 14.09 12.53 10.79 10.79 10.79 -2.97 -5.27 -6.41 -9.43 -9.43 -9.43 -11.11 -16.38 -16.38 -16.38 -6.65 -4.91 -5.42 -2.69 -2.69 -2.69 0.04 3.5 3.5 3.5 -0.29 -0.28 -0.28 -0.28 -0.26 -0.26 -0.26 -0.24 -0.24 -0.24 0.17 0.13 0.13 0.13 0.04 0.04 0.04 -0.06 -0.06 -0.06 -0.5 1.22 1.84 3.29 3.29 3.29 3.88 5.11 5.11 5.11 -0.26 0.31 0.55 2.3 2.3 2.3 3.41 6.19 6.19 6.19 0.57 3.82 5.11 7.62 7.62 7.62 8.72 11.29 11.29 11.29
31 -0.53 -0.53 -0.53 -0.53 -0.65 -0.64 -0.64 -0.03 0.33 0.33 1.1 1.1 1.1 1.1 0.9 0.71 0.71 -0.31 -0.63 -0.63 -1.34 -1.34 -1.34 -1.34 -1.59 -1.16 -1.16 1.5 2.3 2.3 -0.27 -0.27 -0.27 -0.27 -0.27 -0.27 -0.27 -0.27 -0.27 -0.27 0.13 0.13 0.13 0.13 0.14 0.14 0.14 0.15 0.15 0.15 -0.26 -0.26 -0.26 -0.26 0.01 0.04 0.04 -0.14 -0.37 -0.37 0.23 0.23 0.23 0.23 0.17 0.07 0.07 -0.12 -0.29 -0.29 -0.64 -0.64 -0.64 -0.64 -0.8 -0.89 -0.89 -1.13 -1.24 -1.24
31 11.36 11.36 10.94 10.94 10.11 7.98 7.98 6.45 7.5 6.58 -3.85 -3.85 -4.66 -4.66 -7.77 -9.51 -9.51 -10.82 -11.33 -13.45 -4.41 -4.41 -4.36 -4.36 -2.4 -2.57 -2.57 -1.37 -1.6 0.26 -0.26 -0.26 -0.26 -0.26 -0.26 -0.24 -0.24 -0.24 -0.22 -0.22 0.11 0.11 0.11 0.11 0.06 -0.01 -0.01 -0.01 -0.1 -0.1 0.34 0.85 0.85 0.85 2.17 3.14 3.14 3.66 4.16 5.11 0.94 0.94 0.94 0.94 1.77 2.72 2.72 3.42 4.05 5.16 3.87 3.87 3.87 3.87 6.58 8.13 8.13 8.75 9.27 10.07
31 13.43 13.43 12.09 12.09 12.09 12.09 13.98 13.98 12.81 9.48 -6.08 -6.08 -17.85 -17.85 -17.85 -17.85 -22.9 -22.9 -26.4 -25.87 -5.27 -5.27 3.7 3.7 3.7 3.7 3.19 3.19 2.25 0.3 -0.3 -0.3 -0.25 -0.25 -0.25 -0.25 -0.21 -0.21 -0.21 -0.14 0.17 0.17 0.01 0.01 0.01 0.01 -0.1 -0.1 -0.1 -0.19 3.57 3.57 6.6 6.6 6.6 6.6 7.29 7.29 7.72 9.03 0.57 0.57 5.16 5.16 5.96 5.96 6.6 6.6 7.02 7.89 5.48 5.48 11.22 11.22 12.08 12.08 12.91 13.65 13.65 14.68
31 8.68 10.91 10.91 10.91 12.44 -8.33 -8.33 -8.33 -9.77 -9.23 -9.84 -17.81 -17.81 -17.81 -18.24 -14.22 -14.22 -14.22 -11.94 -4.05 -0.28 1.07 1.07 1.07 -2.06 9.66 9.66 9.66 10.36 7.35 -0.26 -0.21 -0.21 -0.21 -0.15 -0.07 -0.01 -0.01 -0.01 0.03 0.05 -0.09 -0.09 -0.09 -0.17 -0.19 -0.17 -0.17 -0.17 -0.15 4.23 6.16 6.74 6.74 6.74 7.92 7.23 7.92 7.23 4.87 3.47 6.26 6.78 6.78 6.78 5.85 5.01 5.85 5.01 1.97 8.0 11.39 12.06 12.06 12.06 10.17 8.93 8.93 8.93 4.03
31 -1.98 -1.98 -1.98 -1.98 -0.86 -0.86 -0.86 -0.86 -0.58 0.26 -0.33 -0.33 -0.33 -0.33 -0.4 -0.4 -0.4 -0.4 -1.19 -1.45 1.19 1.19 1.19 1.57 1.57 1.57 1.57 1.57 2.25 2.64 -0.27 -0.27 -0.27 -0.27 -0.27 -0.27 -0.27 -0.27 -0.27 -0.28 0.14 0.14 0.14 0.14 0.14 0.14 0.14 0.14 0.14 0.15 -0.59 -0.59 -0.59 -0.77 -0.77 -0.77 -0.77 -1.02 -1.35 -1.35 -0.05 -0.35 -0.05 -0.35 -0.66 -0.35 -0.35 -0.66 -1.05 -1.05 -1.24 -1.51 -1.24 -1.51 -1.76 -1.51 -1.51 -1.76 -1.99 -1.99
31 6.72 6.72 11.31 14.43 14.43 14.43 14.43 14.43 11.8 11.8 -2.5 -2.5 -2.83 -4.51 -4.51 -4.51 -4.51 -4.51 -8.78 -8.78 0.36 0.36 -4.73 -7.14 -7.14 -7.14 -7.14 -7.14 -4.21 -4.21 -0.27 -0.27 -0.27 -0.27 -0.26 -0.26 -0.26 -0.26 -0.25 -0.25 0.16 0.16 0.17 0.15 0.1 0.1 0.1 0.1 0.02 0.02 -1.63 -1.63 -1.26 0.66 0.66 0.66 0.66 0.66 3.09 3.09 -2.12 -2.12 -1.71 0.29 0.29 0.29 0.29 0.29 2.65 2.65 -1.05 -1.05 0.74 4.07 4.07 4.07 4.07 4.07 7.7 7.7
31 1.72 1.75 1.7 1.7 1.7 1.1 1.1 1.1 1.1 0.94 -0.28 -0.54 -0.59 -0.59 -1.0 -1.36 -1.36 -1.36 -1.36 -1.68 -0.34 0.74 1.61 1.61 2.16 2.15 2.15 2.15 2.15 1.83 -0.25 -0.25 -0.25 -0.25 -0.25 -0.25 -0.25 -0.25 -0.25 -0.25 0.12 0.12 0.12 0.12 0.12 0.12 0.12 0.12 0.12 0.12 0.43 0.42 0.32 0.14 0.14 -0.1 -0.1 -0.1 -0.1 -0.33 0.15 0.09 -0.02 -0.16 -0.16 -0.3 -0.3 -0.3 -0.3 -0.45 -0.33 -0.22 -0.16 -0.12 -0.12 -0.11 -0.11 -0.11 -0.11 -0.16
31 7.14 7.14 7.14 7.14 11.18 11.18 11.18 11.18 11.18 12.1 -2.67 -2.67 -2.67 -2.67 -3.74 -3.74 -3.74 -3.74 -3.74 -4.85 -2.17 -2.17 -2.17 -2.17 -4.28 -4.28 -4.28 -4.28 -4.28 -4.4 -0.26 -0.26 -0.26 -0.26 -0.26 -0.26 -0.26 -0.26 -0.26 -0.26 0.17 0.17 0.17 0.17 0.15 0.15 0.15 0.15 0.15 0.15 -0.8 -0.8 -0.8 -0.6 0.43 0.43 0.43 0.43 0.43 0.97 -0.49 -0.49 -0.49 -0.57 -0.34 -0.34 -0.34 -0.34 -0.34 0.03 0.0 0.0 0.0 0.57 3.09 3.09 3.09 3.09 3.09 4.09
32 0.31 0.22 0.22 0.71 0.71 0.71 0.71 -0.64 -0.64 -1.24 -0.81 -0.55 -0.55 -0.01 -0.01 -0.01 -0.01 0.33 0.33 0.25 -1.58 -1.86 -1.86 -2.79 -2.79 -2.79 -2.79 -3.34 -3.34 -3.07 -0.24 -0.24 -0.24 -0.24 -0.24 -0.24 -0.24 -0.24 -0.24 -0.24 -0.04 -0.04 -0.04 -0.04 -0.04 -0.04 -0.04 -0.04 -0.04 -0.04 -1.22 -1.17 -1.1 -1.1 -1.1 -1.1 -1.1 -0.52 -0.32 -0.32 0.04 0.06 0.09 0.09 0.09 0.09 0.09 0.52 0.66 0.66 -0.63 -0.48 -0.35 -0.35 -0.35 -0.35 -0.35 0.09 0.15 0.15
32 -0.29 -0.2 -0.2 -0.39 -0.66 -0.66 -2.11 -2.3 -2.3 -2.12 0.78 1.01 1.01 1.04 0.92 0.92 0.38 0.41 0.41 0.45 -1.05 -1.67 -1.67 -2.08 -2.2 -2.2 -1.19 -0.93 -0.93 -1.09 -0.24 -0.24 -0.24 -0.24 -0.24 -0.24 -0.24 -0.24 -0.24 -0.24 -0.03 -0.03 -0.03 -0.03 -0.03 -0.03 -0.03 -0.03 -0.03 -0.03 -0.53 -0.53 -0.39 -0.23 -0.23 -0.23 0.0 -0.03 -0.03 -0.08 -0.31 -0.31 -0.15 -0.02 -0.02 -0.02 0.08 0.08 0.08 0.03 -0.11 -0.11 0.01 0.09 0.09 0.09 0.02 0.02 0.02 -0.07
32 -0.45 -1.28 -1.68 -1.07 -1.07 -0.82 -0.82 -0.82 -0.82 -0.82 0.09 -0.13 -0.24 -0.13 -0.13 -0.03 -0.03 -0.03 -0.03 -0.03 -3.41 -3.67 -3.6 -2.52 -2.52 -2.59 -2.59 -2.59 -2.59 -2.59 -0.24 -0.24 -0.24 -0.25 -0.25 -0.25 -0.25 -0.25 -0.25 -0.25 -0.03 -0.03 -0.03 -0.03 -0.03 -0.03 -0.03 -0.03 -0.03 -0.03 -1.43 -0.95 -0.95 -0.54 -0.5 -0.5 -0.5 -0.5 -0.5 -0.5 -0.14 0.2 0.2 0.39 0.31 0.31 0.31 0.31 0.31 0.31 -0.28 -0.25 -0.25 -0.33 -0.31 -0.31 -0.31 -0.31 -0.31 -0.31
32 -1.36 -1.36 -1.45 -1.45 -1.45 -1.26 -1.79 -1.79 -2.05 -2.05 0.12 0.12 0.42 0.42 0.42 0.45 0.38 0.38 0.31 0.31 -2.13 -2.13 -1.96 -1.96 -1.96 -1.56 -1.62 -1.62 -1.88 -1.88 -0.23 -0.23 -0.23 -0.23 -0.23 -0.23 -0.23 -0.23 -0.23 -0.23 -0.06 -0.05 -0.05 -0.05 -0.05 -0.05 -0.05 -0.05 -0.05 -0.05 -0.04 -0.04 0.09 0.1 0.1 0.1 -0.09 -0.15 -0.15 -0.15 -0.7 -0.7 -0.23 -0.11 -0.11 -0.11 -0.01 -0.07 -0.07 -0.07 -0.4 -0.4 -0.3 -0.26 -0.26 -0.26 -0.15 -0.18 -0.18 -0.18
32 -0.85 -1.4 -1.5 -1.29 -1.29 -1.29 -1.29 -1.29 -0.72 -0.72 -0.06 -0.34 -0.27 -0.17 -0.17 -0.17 -0.17 -0.17 0.02 0.02 -2.67 -2.18 -2.07 -1.64 -1.64 -1.64 -1.64 -1.64 -1.81 -1.81 -0.24 -0.24 -0.24 -0.24 -0.24 -0.24 -0.24 -0.24 -0.24 -0.24 -0.06 -0.05 -0.05 -0.05 -0.05 -0.05 -0.05 -0.05 -0.05 -0.05 -0.24 -0.04 -0.02 -0.07 -0.07 -0.07 -0.07 -0.07 -0.3 -0.3 0.1 0.26 0.23 0.17 0.17 0.17 0.17 0.17 -0.03 -0.03 -0.15 -0.23 -0.26 -0.27 -0.27 -0.27 -0.27 -0.27 -0.28 -0.28
32 -0.91 -0.86 -0.96 -0.86 -0.86 -0.79 -1.0 -1.0 -1.11 -1.34 -0.18 -0.18 -0.18 -0.18 -0.18 -0.33 -0.33 -0.33 -0.26 -0.28 -3.25 -2.94 -3.25 -2.94 -2.94 -2.37 -2.2 -2.2 -2.22 -2.23 -0.24 -0.24 -0.24 -0.24 -0.24 -0.24 -0.24 -0.24 -0.24 -0.24 -0.05 -0.05 -0.05 -0.05 -0.05 -0.05 -0.05 -0.05 -0.05 -0.05 -0.21 -0.09 -0.21 -0.09 -0.09 -0.01 -0.03 -0.03 -0.08 -0.1 0.24 0.29 0.24 0.29 0.29 0.19 0.08 0.08 -0.1 -0.12 -0.19 -0.17 -0.19 -0.17 -0.17 -0.09 -0.07 -0.07 -0.1 -0.12
32 0.11 -0.02 -0.38 -0.38 -0.21 -0.21 -0.21 -0.37 -1.51 -3.48 -0.4 -0.39 -0.39 -0.39 -0.04 -0.04 -0.04 0.58 0.73 -0.49 5.17 4.47 4.47 4.47 4.31 4.31 4.31 3.59 2.01 0.71 -0.2 -0.2 -0.2 -0.2 -0.2 -0.2 -0.2 -0.2 -0.21 -0.21 -0.06 -0.06 -0.06 -0.06 -0.07 -0.07 -0.07 -0.07 -0.08 -0.08 0.39 -0.37 -0.67 -0.67 -0.67 -0.67 -0.67 -0.92 -1.28 -1.38 -0.32 -0.7 -0.86 -0.86 -0.86 -0.86 -0.86 -1.02 -1.12 -0.98 1.25 1.16 1.06 1.06 1.06 1.06 1.06 0.97 0.88 0.83
32 0.13 0.55 0.55 0.21 0.21 0.03 0.03 -0.59 -0.59 -2.39 -0.79 -0.48 -0.64 -0.64 -0.64 -0.27 -0.27 -0.49 -0.41 -0.2 -2.38 -1.62 -0.56 -0.56 -0.56 0.54 0.54 0.59 -0.04 -1.34 -0.23 -0.23 -0.23 -0.23 -0.23 -0.23 -0.23 -0.23 -0.24 -0.24 -0.07 -0.07 -0.07 -0.07 -0.07 -0.07 -0.07 -0.07 -0.07 -0.07 -0.12 0.04 0.11 0.11 0.11 -0.01 -0.17 -0.17 -0.35 -0.52 -1.41 -1.18 -1.12 -1.12 -1.12 -1.13 -1.04 -1.04 -0.86 -0.48 -1.02 -0.85 -0.67 -0.67 -0.55 -0.42 -0.34 -0.34 -0.29 -0.32
32 0.67 0.67 -1.82 -1.47 -1.47 -1.47 -1.47 -1.23 -1.23 -1.23 -0.28 -0.28 -0.44 0.24 0.24 0.24 0.24 0.19 0.19 0.19 -1.36 -1.36 -1.56 -1.2 -1.2 -1.11 -1.2 -1.11 -1.11 -1.11 -0.23 -0.23 -0.23 -0.23 -0.23 -0.23 -0.23 -0.23 -0.23 -0.23 -0.06 -0.06 -0.06 -0.06 -0.06 -0.06 -0.06 -0.06 -0.06 -0.06 -0.15 -0.12 -0.18 -0.23 -0.23 -0.26 -0.26 -0.26 -0.26 -0.26 -1.35 -0.99 -0.48 0.08 0.08 0.17 0.17 0.17 0.17 0.17 -0.51 -0.36 -0.23 -0.22 -0.19 -0.19 -0.19 -0.19 -0.19 -0.19
